DC,Ilex opaca,                                 ,Pinus clausa,Liquidambar styraciflua,Quercus hemisphaerica,Acer rubrum,Gordonia lasianthus,Ilex Cassine,Quercus geminata,Marked as 917 B,Quercus nigra,Pinus palustris,Ilex cassine,Pinus elliottii,Quercus laevis,Marked as 917,Pinus taeda
795,0.0176065909972,0.0279474622734,0.0470503644565,0.0149167295538,0.0970081126654,0.0472050147811,0.010274592848,0.0449945840322,0.0236013409052,0.0840810135533,0.0271528759748,0.181366903858,0.178375736407,0.0154026421625,0.010369440502,0.0845252489847,0.0881213460448
3744,0.0549054761548,0.0107420571952,0.0932139086627,0.00752771781915,0.00681140969822,0.00925107771632,0.0443005776878,0.0425506147633,0.0217955559625,0.0477747401574,0.0196569331037,0.00183961452453,0.212493877063,0.159618814418,0.125974108787,0.018530099777,0.123013416509
3740,0.054447597312,0.0298037818496,0.238981466192,0.0111957381211,0.0161247923786,0.176006747547,0.0182490610682,0.00835115083561,0.0130015499552,0.0252526452483,0.0143562020663,0.0433133901137,0.145520774522,0.133521338927,0.0100583794518,0.0541190842625,0.00769630014911
3738,0.0476742398946,0.0237890657647,0.0533455551167,0.0822472534183,0.0499753578852,0.169544277752,0.0539271956976,0.161094888823,0.0164807174449,0.0367495845004,0.04682269597,0.021024091971,0.0686357783517,0.0255678708813,0.0574967107457,0.057155800342,0.0284689154406
3739,0.019804410374,0.0555353640198,0.0633915726094,0.112192732199,0.00641454791392,0.045130155582,0.0363903794312,0.00562369942831,0.028826944741,0.0805202476478,0.0795740654107,0.0106523317747,0.0600815354542,0.0534236563983,0.113932520149,0.0949939569551,0.133511879912
3752,0.0418218237042,0.040582332475,0.00321593974958,0.0305936435108,0.0253741354352,0.0356843501713,0.173669304133,0.0540301459037,0.0139213007344,0.0648304262184,0.0207102456558,0.0133113981979,0.0267997378614,0.0299971469691,0.0819042118479,0.0375094131377,0.306044444294
3743,0.0624403285112,0.0986317437649,0.0732608352156,0.00202196057175,0.00715978804006,0.0600853049678,0.00179738075792,0.0146436653972,0.0689824994691,0.00789088380161,0.26646698918,0.120887337141,0.0119966719278,0.0115049696591,0.0634667583255,0.0428721336923,0.0858907495775
3744,0.0164921546563,0.162656342802,0.0794080579379,0.0941633682319,0.137918891772,0.0662223081014,0.0351301979252,0.0282092884111,0.0478978501591,0.0254074295468,0.0087544329034,0.00700424628921,0.01068109283,0.00416064138272,0.110339265655,0.155831479861,0.00972295153413
3748,0.169801928653,0.0235796747155,0.0247032606241,0.0984823758035,0.0125724921633,0.120817501115,0.00754405343767,0.0288313223995,0.0121672155205,0.189733070329,0.0660187655335,0.0424054779648,0.0597445376289,0.0113065661428,0.0498245953179,0.0758969673735,0.00657019527731
3755,0.000721532839668,0.111859955614,0.052131655803,0.11860413051,0.0704862230598,0.067898748665,0.0325552168755,0.0182262539054,0.130697125491,0.00367416459656,0.0112964150914,0.00895041965813,0.0631211988306,0.00142136677739,0.00203558447437,0.249969463943,0.0563505438652
3754,0.144032624612,0.0810063818448,0.0340582349453,0.00337805784514,0.030330517197,0.0684513644835,0.0397065446361,0.127373401903,0.00680204660037,0.0253746378405,0.052246430769,0.0579832494446,0.00901015987293,0.170853220664,0.0986668513707,0.0396373934436,0.0110888825274
3753,0.0207743055325,0.0667730039999,0.0686027248111,0.0607709009447,0.125687209873,0.0132270022448,0.020386267634,0.250528585644,0.0126998203753,0.0176556309608,0.0831564671302,0.00549878352635,0.10007261693,0.0382446184974,0.0241267110925,0.0824050253924,0.00939032541219
3736,0.0323132440741,0.0378480671722,0.0384451295458,0.0164928046482,0.00772429854168,0.0455477153977,0.0383235130517,0.115683187878,0.0477280700473,0.0244903567192,0.0785309761412,0.0626097691287,0.0975565655126,0.00587297900276,0.106687620091,0.172266207415,0.0718794956335
3727,0.124336739385,0.0582914117811,0.0263753680079,0.112975111629,0.27424033331,0.0428605861443,0.0156344485297,0.0257563777738,0.000848546675866,0.0252831828408,0.000937977845862,0.0689588731922,0.117036526137,0.00810407177843,0.0185066485106,0.0540119647028,0.0258418317564
3712,0.056814239348,0.0603518466563,0.0535478067716,0.00336649358688,0.0178380151749,0.0462803607033,0.0628333994751,0.167365644859,0.0830623460166,0.0333709430755,0.0373411116026,0.0462281715167,0.0105272307995,0.140856642288,0.0795598635948,0.0597094058213,0.0409464787093
3703,0.0530739300948,0.0532564247491,0.00187911248361,0.0460965154588,0.0328749799591,0.0011267454064,0.0802889778614,0.140614628067,0.105999944659,0.141414557398,0.0190433318861,0.0921724432551,0.0380907865192,0.0308524144213,0.041441164555,0.00491165337623,0.11686238985
3715,0.0230359783145,0.0880823771335,0.174438191933,0.0964475274748,0.0187487181368,0.136104640494,0.00474199820575,0.0271889012271,0.117339181266,0.0429011904281,0.110070662872,0.0107744768495,0.000185514267425,0.0241248305078,0.0646078014443,0.0606977359981,0.000510273447645
3705,0.0941047292271,0.0547385974901,0.00517520821934,0.119973664269,0.000221820371426,0.157498688841,0.0788472534751,0.0211447858107,0.0613318009558,0.0478985466978,0.0145092182419,0.00758233927872,0.0710637195724,0.149472221701,0.0324360424617,0.0445427187953,0.0394586445918
3706,0.00107940227052,0.113722336887,0.119283869653,0.0422035367207,0.002034745402,0.01505977573,0.138881782312,0.00742485469345,0.0497565361071,0.0944027614097,0.000218044866384,0.00759766264756,0.00445204770358,0.242246342988,0.113239966288,0.0159232382253,0.0324730960958
3722,0.0234110760289,0.0683448672858,0.0122440124879,0.0251757630581,0.0143671554067,0.0670338136389,0.0548871567294,0.0354853860131,0.147971207663,0.0992420646623,0.157740558693,0.0165979036224,0.0437717053135,0.0155673682667,0.0918820556679,0.0798918027145,0.0463861027479
3718,0.0476664359499,0.0602870984835,0.00889617303713,0.0523811629111,0.0518025883798,0.0152108721311,0.00206401675778,0.00488499163805,0.102367787502,0.0488810953649,0.0184223216231,0.334786359864,0.15605330176,0.0477315185608,0.0383875267447,0.0086110620856,0.00156568720763
3716,0.0194474648512,0.00971148520717,0.00472534692835,0.0382008300428,0.0500699861985,0.00809084273986,0.146942920294,0.0497513400202,0.0925412765788,0.0423410292684,0.0216682734896,0.0439099069139,0.100403253351,0.0557656771515,0.167130378601,0.0669712151052,0.0823287732581
258,0.0284769982358,0.073603932964,0.221015578506,0.106256942108,0.00217414762397,0.0342515379227,0.00135123576201,0.0498782581331,0.0684934091861,0.0561971847211,0.0577386456182,0.0347581394386,0.0595292742897,0.0116187993096,0.125318375517,0.0499226637611,0.0194148769026
259,0.0200326109961,0.0904643998282,0.0814410335724,0.0352114596717,0.0183107276097,0.07334922204,0.0606733680063,0.131808759108,0.134978549668,0.0721956222727,0.0081852412379,0.0878521021534,0.0671388189731,0.0408145162696,0.0319918703841,0.0208329818418,0.024718716367
141,0.290804889694,0.123089422448,0.0492189206723,0.0490686703884,0.0514850287939,0.00948789594062,0.0835643939713,0.04069492046,0.050227086712,0.0188222806602,0.0437794205459,0.0533954970499,0.00427759611914,0.0400590848663,0.0257776589275,0.0501286479452,0.0161185848046
193,0.166367076518,0.0205439456957,0.0289944168738,0.0564054292188,0.0615444032877,0.0651580083932,0.0101049041944,0.00518327726622,0.0231456548295,0.0247253829952,0.0310329879448,0.0491953693735,0.0436305357948,0.031227596815,0.222628946981,0.0566108381618,0.103501225657
194,0.0580304298113,0.0329615412862,0.0714596326705,0.177966421788,0.00594946857024,0.0202284693742,0.0158818200707,0.128572812623,0.0167550941214,0.108708508225,0.0831278033502,0.0121223005293,0.0260272825135,0.00894972682658,0.107622750504,0.0330950669595,0.0925408707768
330,0.0634145452582,0.0691478458652,0.00457817704596,0.0786535530662,0.117075184127,0.0305332394066,0.0505963541954,0.0313605717351,0.313761675665,0.0223967372354,0.0694442244616,0.000738189241411,0.041953530289,0.0790428021989,0.00730208314568,0.0145654630404,0.00543582402316
337,0.0424940588536,0.0183103647605,0.112138840364,0.00323924340942,0.05010374086,0.164289303408,0.0160655661766,0.168017498967,0.0115072510174,0.0192433532009,0.12684995422,0.138034198697,0.0118178053048,0.0696531514948,0.0199819541263,0.0239316886057,0.00432202653411
336,0.0354324781344,0.137641808088,0.070584523146,0.137706177052,0.165011016032,0.0325572496791,0.0286960867067,0.0836494016646,0.0251099225324,0.0394850485659,0.0236844194934,0.0322335038923,0.0578863354641,0.00583880530501,0.0334649948487,0.0467128396059,0.0443053897896
338,0.025979040579,0.00614479755106,0.230054362733,0.00695264335894,0.0797962478195,0.0522503250831,0.0241819958915,0.0577219893066,0.0200094513342,0.00725929797955,0.0329833132817,0.012266644493,0.0206208816925,0.167848334009,0.234223993514,0.00241284069232,0.0192938406812
339,0.0428009838231,0.046787000309,0.0904654610372,0.00168032037762,0.0452517831489,0.213317751245,0.0736991426929,0.00394302048769,0.0704595975528,0.0527409632734,0.0604783464704,0.0239421168178,0.000366211862115,0.094336866309,0.00903204580736,0.0235069911441,0.147191397641
341,0.0288617709278,0.0280986837641,0.133507583074,0.143263982269,0.0044518659853,0.0159803889169,0.0801410263066,0.138375253638,0.114548629677,0.0174886279956,0.00366879749692,0.00898499111658,0.0816203567635,0.0233405390357,0.00947833055362,0.078510706819,0.0896784656598
340,0.0901370145086,0.00495151811604,0.0260509614988,0.00874982914503,0.0931726306334,0.192439756838,0.0908703206426,0.0364584464859,0.160198800843,0.0138368130817,0.0383347505705,0.00382729772743,0.155928231938,0.0251405929947,0.0257372302177,0.000987239978265,0.0331785647804
335,0.125716655772,0.0919534507553,0.0826579471868,0.128667381078,0.0283424906616,0.00507944535736,0.0054257266834,0.0179212466184,0.0190052599139,0.0223046205243,0.0494999178921,0.120827582344,0.0767496389408,0.17135988009,0.00879576661099,0.0174631984151,0.0282297911563
326,0.0137921232398,0.0877795649511,0.0184176692358,0.0207201149075,0.105881257903,0.0803884162592,1.34488539722e-05,0.00408631270524,0.0119448899831,0.00386166516336,0.166664718068,0.0235987725305,0.0607735133174,0.032341776467,0.227739885155,0.00211337256243,0.139882498698
3501,0.0341061072705,0.0201083235436,0.0427806765724,0.0321621576979,0.184951952638,0.105721965073,0.117431162844,0.0365796534259,0.0382731959362,0.000534223170075,0.027124987539,0.0155384542274,0.162883042031,0.0943160005685,0.016162159757,0.0224860689556,0.0488398687494
3482,0.0631914328731,0.0797887179241,0.0668346223264,0.0126919829762,0.0258073231432,0.0746569024218,0.0312987192632,0.0170590891276,0.0498832961577,0.0894806587303,0.0033653520367,0.0766399857242,0.126558148801,0.0626546432571,0.050150376706,0.00248483298686,0.167453915545
3483,0.0732485826591,0.289479326416,0.0339065101994,0.00936713881431,0.0744034370833,0.115838810306,0.0248939531269,0.0413679551558,0.0439477837731,0.128829721035,0.00178336799573,0.0578435232721,0.0139190629702,0.0497804104607,0.0243620622889,0.0048195375492,0.0122088168946
3591,0.0211146992482,0.0355810305391,0.0550233742166,0.00975571057222,0.0217829392893,0.124957777219,0.0465100372868,0.119533077346,0.0402162201223,0.0264797271778,0.0417567048598,0.169960907872,0.0894932956063,0.0860847623877,0.0888440650703,0.00400132770349,0.0189043434835
3520,0.138097186131,0.0348230087081,0.146838461006,0.0787203411831,0.0108466961742,0.0659551851466,0.00304492381427,0.0260057847336,0.121924290271,0.0268527182379,0.0329361088591,0.0767584801467,0.127960364349,0.079887941865,0.00839556935658,0.019599550649,0.00135338936862
3510,0.0333801875177,0.00764716123113,0.08935191474,0.052558685581,0.0361201534421,0.046042148455,0.0277457817901,0.0475374773516,0.00329799799939,0.05539673894,0.200805093877,0.00399699642084,0.289413575644,0.0412587309405,0.0105849540303,0.04556339048,0.0092990115583
3592,0.0184462133667,0.0294196787763,0.0463629016511,0.0423698189218,0.00739773305899,0.0512182412282,0.120836584678,0.0225648393807,0.0253293325676,0.0921322270276,0.121485104593,0.0385754980471,0.0632139162331,0.0672292194931,0.16417691373,0.0867259524972,0.00251582474966
3512,0.0475955254569,0.0631662955217,0.0196458219637,0.0995512252561,0.0522034647785,0.104977458504,0.00196550056935,0.0290922387109,0.016202840791,0.0884543310763,0.00990859738521,0.193128889327,0.0185871602828,0.0694249870994,0.0955219474099,0.0639165314708,0.0266571843964
3503,0.0177309952993,0.204867361117,0.0355924069164,0.0846568129718,0.0341911064578,0.0531641505534,0.00442630488897,0.0185180649166,0.0523471562227,0.0178962518137,0.054824558578,0.0202648334502,0.05940255898,0.000702024331055,0.0349711213185,0.0914360847876,0.215008207397
3506,0.0678495754313,0.0163416212112,0.0392628766914,0.0638710754194,0.109295939937,0.0455341743068,0.0349310010428,0.366468861592,0.0284083284089,0.0860018374391,0.0478127878223,0.00502902538027,0.0261333764856,0.0205383419652,0.0193525419268,0.00944337357544,0.0137252613648
3493,0.0163763428262,0.0741187858498,0.0386810951316,0.0667982645523,0.0392139083582,0.0178755074525,0.0885050795329,0.151587309372,0.0199436058794,0.0628304297952,0.012233800837,0.143202024575,0.00539305103194,0.0408897821797,0.0734469727471,0.0682643070603,0.0806397328189
3505,0.099049944566,0.00308764482766,0.0906528074959,0.0304399022638,0.0441206781323,0.0227609929326,0.0167876294742,0.0574315806599,0.00595314935976,0.00578299232035,0.149288971309,0.082467104853,0.0415665329368,0.0315473338404,0.158612963448,0.0328270776658,0.127622693915
3497,0.0476014411474,0.0538083092367,0.0839780564975,0.0285545839563,0.0057208389577,0.0874912926621,0.0463634673086,0.0110053927472,0.169119143024,0.16987436919,0.00803064762703,0.0708493597082,0.0625848757623,0.0288833068592,0.0804677704805,0.00604548839474,0.0396216564409
3495,0.0178078897987,0.00963661607559,0.13770295718,0.0265196546463,0.0488704680396,0.120794019564,0.0562043739488,0.0839440483769,0.0170954643956,0.0132388690018,0.00756202015187,0.0398299095542,0.0890245190413,0.114911048035,0.0607148945646,0.0259507108396,0.130192536786
3496,0.0427364013659,0.0119609102014,0.203401257912,0.0143730634452,0.0592384551105,0.0567853587996,0.00179985895282,0.121758258893,0.0060514492635,0.102690942366,0.0295453654463,0.0973256762694,0.0105972643791,0.010791702232,0.171848999133,0.00515579485203,0.053939241379
3494,0.0555761510159,0.0138294465677,0.0368785483134,0.0251771413235,0.109722655586,0.0703493367388,0.183785350659,0.0634603530772,0.0130346088154,0.0296937129028,0.0150449773129,0.0898287734688,0.0238778395806,0.0281711362918,0.0723817034659,0.0212960263295,0.147892238551
3488,0.0489266882035,0.0387073283315,0.0309407333211,0.190324383401,0.0380952338749,0.0128821644264,0.0188928291994,0.0792387190157,0.00246920718614,0.115199226211,0.047667694138,0.148596765286,0.0568785803885,0.0264202782763,0.0257504089945,0.0582099580611,0.0607998016849
3498,0.0344521395535,0.0382572734348,0.0329720603357,0.0822533282979,0.0144835156819,0.0574595937979,0.0549350062533,0.0822722732365,0.0396051108076,0.0381786831657,0.176225454476,0.105381391996,0.0116509243493,0.00056823797117,0.19649410337,0.00343441167436,0.0313764915981
3499,0.0604235280383,0.0337264633886,0.0202037542783,0.0339206748036,0.0900708233212,0.0222853662552,0.0126508699548,0.0825192937971,0.0529510034886,0.062850469182,0.138333047082,0.164913288951,0.0251137138342,0.0336628982168,0.0160473298668,0.117825808674,0.0325016668666
3492,0.0120268664462,0.00150574886359,0.033478925481,0.179643351467,0.323511064381,0.0105371775756,0.0767179928125,0.0324167525273,0.00568830806187,0.0493219495508,0.142099954675,0.00753021701293,0.0173214276174,0.0104620530904,0.06404030439,0.00862452345195,0.025073382596
3491,0.10380108152,0.0817793985812,0.0597892890721,0.0321533804738,0.0587223928363,0.0395316447086,0.119195592534,0.0573828794449,0.0212242572293,0.0628419234521,0.0279942507204,0.0333727262462,0.0757223975307,0.00567486027871,0.171474893879,0.0226886179375,0.0266504135555
3500,0.0327716750923,0.238291293756,0.0550502122915,0.0184342440021,0.0140064123961,0.016004339883,0.0498606232861,0.0612568703942,0.0424377701289,0.214746728321,0.0639516330029,0.0191506233915,0.0783805435385,0.0174125942671,0.040690221809,0.0178031577086,0.0197510567315
3330,0.0201190938115,0.00507105703566,0.0336693419449,0.0810560116187,0.0268546733251,0.0507822915193,0.117166058465,0.152421897092,0.136533266829,0.00220825616271,0.0454228846706,0.0408858636911,0.032352546917,0.00814239051324,0.050192550725,0.138954799748,0.0581670159313
3331,0.0683254050711,0.0156823379907,0.00373472453065,0.047718980317,0.211146517712,0.0157857431156,0.00203204963979,0.115666986215,0.0318221099248,0.0548724903972,0.0144942002895,0.072649806592,0.0952201833082,0.102746789448,0.00916073721809,0.10497484365,0.0339660945802
3332,0.110925096737,0.00102567170844,0.0426324421701,0.00554495839385,0.0405348837291,0.0147644282758,0.0211686256341,0.164062879266,0.0291701928138,0.0324532734547,0.0274818460032,0.102467909195,0.0635328332827,0.0529936912287,0.163828256716,0.115946293249,0.0114667181425
3336,0.00355846993004,0.079901088512,0.0169935504408,0.063293858572,0.0290778100206,0.0753994458742,0.0401627561477,0.0670954882913,0.0147709218477,0.0150773109461,0.133564196641,0.1968293842,0.0465014137371,0.0368074956079,0.0535861038333,0.0577804821287,0.0696002232693
3334,0.0246364743303,0.050938267407,0.0332245355491,0.00852725331517,0.161955046794,0.0356011756023,0.0266307348974,0.0326073615888,0.031899028314,0.0151654358541,0.0789779587284,0.0812404532476,0.063292806006,0.181231830274,0.0492085323645,0.102977341107,0.0218857646202
3326,0.0481047032383,0.0548285160711,0.0389418933174,0.00534483620036,0.0156068547492,0.0262383811768,0.00961111658142,0.0386270680007,0.00516310845563,0.0471432553192,0.120269646585,0.106401665358,0.00948904872578,0.030322839318,0.168142506688,0.1709309585,0.104833601715
3329,0.01923694932,0.0175833000687,0.174368964724,0.0240721645565,0.137766747199,0.0168855759477,0.0135290595728,0.0351546669447,0.0139136466172,0.0148867402856,0.0758287438331,0.179523100538,0.0105291694011,0.000807095771075,0.0262275914629,0.115301533746,0.124384950011
3323,0.0688750319225,0.103214582111,0.0492623756199,0.0229234719646,0.0391931626722,0.0517547803629,0.0774027567709,0.0271590144443,0.0671866319952,0.0865197665213,0.0588332889692,0.11841568753,0.0490675363094,0.0018741972781,0.00733391137121,0.0770845845669,0.0938992195905
3327,0.0821392254909,0.0299159023528,0.00620045990183,0.208863131748,0.0232390989111,0.0133662000522,0.0309265633872,0.00079429331829,0.00627719555172,0.148201606045,0.0240007559273,0.159924415995,0.0429257374946,0.0641523099615,0.109521865575,0.0199134828687,0.0296377554187
3328,0.00950166021439,0.14625497099,0.00622872252625,0.00779757648404,0.0679000756268,0.00259466744839,0.0351737347704,0.0221965347981,0.0660756356439,0.0733606394228,0.282275441818,0.0127359856375,0.0280178505421,0.0176781765105,0.0488977830452,0.0484173494722,0.12489319505
2528,0.00594980718993,0.0369032780381,0.0397865296387,0.0383953082453,0.0298168214271,0.133079550127,0.0421831292917,0.0264638707562,0.0444992570024,0.028602051202,0.11399574215,0.0902311821515,0.111354241512,0.0977278424004,0.0657750192511,0.0616214324849,0.0336149371326
2527,0.0553965312822,0.120469756038,0.0210955233906,0.039270008708,0.0263118428685,0.013770468319,0.251468533617,0.0842605149961,0.0280785676366,0.126315419464,0.023231198884,0.0219533809145,0.00121864969215,0.0498524592253,0.0528890580759,0.0154003409476,0.0690177459413
2514,0.00919553005376,0.0156520473602,0.0228042837408,0.108657767924,0.0343739902627,0.0895301666025,0.0393006071355,0.0737935730624,0.101886587646,0.0713083284129,0.048781564742,0.0557446345555,0.0458289712244,0.0449718384547,0.0901669980673,0.00951202604913,0.138491084707
2519,0.0514586933166,0.0429637130705,0.0105560859814,0.0119374378223,0.0404383114777,0.00156146824909,0.0169500797136,0.285479046356,0.00861853928616,0.118376370704,0.0377237468478,0.0484156440476,0.0160660892912,0.0464268742905,0.0922704409679,0.118609743864,0.052147714714
2520,0.00805692802489,0.0483724568767,0.0476595909515,0.00957956883107,0.139978804726,0.137552408199,0.157570814052,0.0153277331814,0.0190269067139,0.0643474200205,0.00940091413027,0.0570638653706,0.09282854269,0.00370358097687,0.0910335355856,0.00469628199728,0.0938006476721
2525,0.081400075802,0.00620388821162,0.147012372293,0.0312321664444,0.0200359638599,0.0102107365986,0.0651648768396,0.10496552586,0.0606824920523,0.0470732456543,0.10578150859,0.00619503126323,0.017075817405,0.000960532202964,0.0450621694297,0.24874043497,0.00220316252354
2516,0.0756228238537,0.0739303760514,0.117623853269,0.0424158123737,0.0993181970775,0.150965394034,0.0850997136771,0.00930526973887,0.0755173236267,0.00413052105843,0.0472815758833,0.0209357147541,0.00030472031658,0.116128495922,0.00190131734815,0.0682955731018,0.0112233179141
2521,0.0805907681458,0.0653670873182,0.0332470351086,0.00815145633014,0.0833839388307,0.0239425103356,0.0067302268101,0.0145852973793,0.0621503128817,0.124691806113,0.22563680923,0.00296915201827,0.00928580879664,0.0509183412707,0.101007397407,0.0323008533428,0.075041198682
2517,0.0628610111262,0.0298479671486,0.00300866824764,0.0280914465953,0.0858745197293,0.0986886747755,0.0427456022743,0.0968837599337,0.0067755291395,0.100356154067,0.0919619193541,0.10201235277,0.0460224961734,0.000871401894002,0.00756697068585,0.0595338874274,0.136897638659
2518,0.0227599282899,0.0189964549118,0.00815014862696,0.0372162345241,0.0952412821105,0.057271886203,0.0226909834917,0.040554088146,0.128258204063,0.047082175871,0.0250086575088,0.155546538623,0.141542956752,0.0436086185195,0.101290613034,0.0436959908562,0.0110852384688
2511,0.0358535455885,0.0637607252605,0.00658872669324,0.0212245550243,0.0460571106843,0.164609144445,0.0672838867209,0.051444276605,0.0105670697761,0.00996071530601,0.0291390473772,0.0226516033687,0.00405794529689,0.0219527288662,0.16155255354,0.064585977401,0.218710388046
2510,0.062169782307,0.0200148671689,0.0156332961753,0.0143470609928,0.0435940572755,0.00480961452898,0.179413396123,0.158557927681,0.0492665157457,0.00891528017216,0.0747021086352,0.00243667584037,0.081496285106,0.00865434011248,0.00132952968335,0.052302384761,0.222356877691
2509,0.138042828691,0.119345308884,0.0426011689923,0.0591347236062,0.0157552686925,0.0410767273408,0.0180072034382,0.00930587041208,0.00637064374337,0.0085771595687,0.0188544759899,0.1768737907,0.163204338777,0.103582171848,0.0232500822467,0.02412817759,0.0318900594782
7628,0.0320347006024,0.0473616998537,0.018091005779,0.12850351266,0.0221813398344,0.00249714143269,0.0253962749488,0.0460560401731,0.0862898658572,0.00923616616082,0.00698854399805,0.102522134595,0.0516458920491,0.193005014077,0.0889522666792,0.0359124856659,0.103325915634
3271,0.0611415511473,0.025702886889,0.0192611859191,0.0601995864616,0.0169160971689,0.00671876536615,0.190183673925,0.0267590013115,0.00574570584386,0.0319806847869,0.0307960503151,0.0991185521215,0.0585545450613,0.0717215694832,0.0222592346369,0.258916539611,0.0140243699515
3270,0.000464140732133,0.0949787959385,0.00533656263264,0.0896906459907,0.10231688551,0.0636927272717,0.0322334096867,0.0171666018736,0.0832495014863,0.123596517677,0.00115139547127,0.0461903987591,0.0216655602632,0.0601605115526,0.0817849746203,0.0129283329878,0.163393037546
3269,0.00504597402566,0.0918278921276,0.0579521911158,0.103436195934,0.039417544503,0.117301907461,0.0125963186127,0.00817938819152,0.0170136915421,0.0631649517817,0.00847769049394,0.203773210558,0.0154074448644,0.0965755624666,0.108001766931,0.0441681126815,0.00766015670973
3266,0.00827240755241,0.0214252020362,0.032522392572,0.0813123432374,0.10233894524,0.164809371555,0.0144668779348,0.0537672690362,0.000804117611754,0.00450218236151,0.0275140912736,0.169662980254,0.0278519793158,0.0146811329677,0.223086784313,0.0292331295663,0.0237487931718
3267,0.027900504352,0.0868482771835,0.0478482545191,0.0197409536863,0.0212228948616,0.0159983788128,0.0413637763022,0.225459514842,0.0423454740906,0.11773911188,0.0479885387718,0.0851912182496,0.0431923015284,0.0197676029546,0.073571361932,0.0823447769408,0.001477059093
3265,0.147270024429,0.00765471381343,0.0105813167689,0.0415503311097,0.0438670649817,0.0548340519267,0.00895808685099,0.116546742232,0.0271739328037,0.0127795907296,0.143833098919,0.0835849102079,0.0349630262543,0.049091570544,0.0570845625321,0.0492933266034,0.110933649293
3274,0.093869262516,0.151588476975,0.0216018924837,0.00798155878077,0.0467838644325,0.106115422305,0.147629307179,0.03511895189,0.00223140430084,0.0387295152448,0.0493124486168,0.0311739567005,0.0053597260514,0.0961895408845,0.0116372332532,0.143303415713,0.0113740226727
3272,0.100985601033,0.0629496836844,0.117982276993,0.0703380398022,0.0107147573369,0.110503050174,0.0818818529002,0.011075648962,0.156419967309,0.00727616461289,0.0666444708767,0.000170749494187,0.0164145723793,0.0435754907955,0.054095685202,0.0704836428511,0.0184883455929
3277,0.0571216295855,0.150793210727,0.0368802129292,0.00477085039086,0.147010462577,0.0272119830304,0.000417512372188,0.000996334155336,0.0279657819508,0.112534070723,0.0535695398664,0.0374365568171,0.0902257533053,0.00105277665699,0.0443300705636,0.168784898606,0.0388983557439
3275,0.0756853428842,0.0781640738324,0.0395985050591,0.00698494280633,0.0471995740376,0.0725560750863,0.0121341282795,0.00490398184399,0.104187604336,0.156581255435,0.0197773614691,0.10491624329,0.189392527476,0.00609985053416,0.00845729463857,0.0507540989669,0.0226071400253
3276,0.0501588891875,0.0978337421832,0.025566085692,0.0132688303482,0.181087916234,0.0145904835555,0.0793717488672,0.031305773315,0.171674737825,0.06988088261,0.0663851509326,0.056622684523,0.0113730887643,0.00803050968488,5.90529252284e-05,0.0955585837251,0.0272318396269
3280,0.00618656783376,0.0468836736082,0.00917282331372,0.0509439462066,0.148796063875,0.118660151017,0.00440605927497,0.0733409055334,0.00536297260049,0.0625725711049,0.0549851105551,0.0846390081519,0.0906670979446,0.0597962873859,0.0417409079965,0.00911629555209,0.132729558046
3282,0.0995316749882,0.216855522,0.0770984919809,0.10235149398,0.00771621583063,0.0610110888265,0.0195016415684,0.0231874330285,0.0693111862956,0.0284396759999,0.0698481001468,0.104867154311,0.0167872431396,0.0146162044712,0.042682938118,0.0364669034328,0.00972703188179
3283,0.00827559059166,0.0836629514385,0.00161118454141,0.0413549424857,0.000262787793024,0.0393891342994,0.00230208532327,0.164841562207,0.0892095564136,0.109859259714,0.0308244895346,0.000331838811591,0.119531071987,0.0616903511688,0.0129152510513,0.0381274386333,0.195810504006
3281,0.0326819667967,0.0474816127003,0.116255186513,0.0549701124637,0.0676763605512,0.179700963367,0.0206000610345,0.0784672896556,0.0720281950674,0.0800793098873,0.0220197157903,0.00739553187769,0.122746811483,0.023876899387,0.0404600333722,0.0109800885078,0.022579861545
3210,0.00740239263745,0.116861270302,0.0316224767205,0.0128689098104,0.137159889861,0.0153049343794,0.0435856368598,0.0128907160464,0.140105008668,0.0249691391523,0.0123161343128,0.0808539164809,0.0753842593481,0.0635526666854,0.00100397515143,0.222754979954,0.00136369363132
3198,0.026756336051,0.0954024903691,0.0307966876248,0.0363182087641,0.0999055646355,0.193406465582,0.0296079994433,0.0316991626042,0.0169108541582,0.0776012293295,0.0898795227944,0.0874247600634,0.00307520815848,0.0668988542763,0.0132725757502,0.0177872377002,0.0832568426951
3191,0.0417531779904,0.00766997461371,0.0573448209164,0.00242026090608,0.137531520201,0.0752410519909,0.0193222952539,0.179119722777,0.0483124589874,0.0574647026694,0.00274009234122,0.0090672982018,0.104705351908,0.0473992919127,0.106351087265,0.0180606000323,0.085496292033
3151,0.0466054101062,0.0153991874997,0.147601143203,0.0115488395918,0.157989980565,0.057664354733,0.0498583403371,0.0695836329658,0.0321538443105,0.00673169827853,0.0561750018469,0.0739333800093,0.00960646742851,0.00861813974759,0.0940935929478,0.115657700984,0.0467792854447
3149,0.0204560416183,0.00498047502876,0.0424072662169,0.0367965259079,0.312576893075,0.0403120462609,0.035904951877,0.100711572201,0.023334083537,0.0496603557458,0.162369725248,0.0200856286804,0.0533109061845,0.0234921983103,0.00479890135452,0.0583696734069,0.0104327553479
3115,0.0694984499257,0.0016508400204,0.0503031019218,0.207195222811,0.000580868671393,0.0263666026384,0.00528333209629,0.0542947756311,0.00592723720097,0.0532117750086,0.0377003901286,0.0418982632579,0.0990644198142,0.00664517912877,0.065354715113,0.138745126035,0.136279700597
3117,0.073505277707,0.024710876008,0.0481004650266,0.167557133957,0.0137726613361,0.13973790901,0.0857487870047,3.69069837237e-05,0.0515095627314,0.00175234292319,0.0101226343129,0.000696302994725,0.109557608314,0.177680915941,0.000144871743695,0.057184003393,0.0381817406122
3118,0.079414159187,0.0463472944346,0.0773816298552,0.0822927908907,0.0863811031281,0.0179053300919,0.1029355109,0.10181772217,0.00914588364871,0.0425087199564,0.00210129870457,0.0127067733041,0.0965322783452,0.000170082282738,0.158153400065,0.0444448055966,0.0397612174398
3049,0.0167292313082,0.137651700364,0.00682276048146,0.0517069270301,0.0828641634836,0.129313439445,0.109022309101,0.106013968211,0.123889552983,0.0977360437404,0.0196459090335,0.0371355336087,0.00617937551274,0.0161558076027,0.000231873361303,0.0510083936149,0.007893011119
3050,0.0977513509347,0.0424886438005,0.0171521790422,0.0353443494205,0.0155069439344,0.0681156685141,0.106133270197,0.0886397499106,0.00980392756389,0.128838663804,0.0355907898011,0.0252394656529,0.117817280138,0.0253855793313,0.00266823338037,0.170580507387,0.0129433971872
3059,0.226195572016,0.0156472210097,0.0237540208849,0.0971496410454,0.132014350073,0.015126009057,0.00534035247975,0.037560214384,0.0804314018224,0.0764764647699,0.00943663067333,0.000773345622424,0.0507588949919,0.00542021698729,0.0793136786625,0.0612579538257,0.0833440316946
3060,0.0466591973294,0.00215451518843,0.030241207156,0.0663520731253,0.130152562694,0.0664240709331,0.0224050737242,0.0227502063,0.0276232483314,0.11871361772,0.199743571951,0.0623134852347,0.0140428585053,0.0465471088501,0.072018172125,0.0492254977838,0.0226335330482
3027,0.0199361015821,0.122470969091,0.019639457926,0.000518310410799,0.0108424812109,0.0726052219919,0.0928311677269,0.0397464906995,0.134767442857,0.00201742254954,0.123990277827,0.0870947267728,0.0190633866149,0.0365489022016,0.0919882718354,0.0587746152264,0.0671647534755
86,0.141938719018,0.0912728061587,0.00847861864884,0.00568778926384,0.0723651621704,0.0471591160147,0.0190726059091,0.108946066333,0.0342974057132,0.00471001573969,0.171590963115,0.0398988873562,0.0150785502748,0.0231869051846,0.0776879615582,0.0278377482044,0.110790679336
253,0.0158468424601,0.0113487136604,0.0747616770253,0.000943496765122,0.11328169418,0.00406006547988,0.154223296034,0.0443838260004,0.028305741529,0.00982236295364,0.0128317694819,0.155878629674,0.0520031651483,0.134179485881,0.0514946481856,0.0434496199618,0.0931849655783
251,0.00582603845443,0.165951608976,0.00796224682521,0.289193643843,0.0317240673265,0.120952520214,0.0420819330242,0.0179434351774,0.00651966827446,0.034376721639,0.00131590084672,0.00658553676984,0.00261083557141,0.0282608769196,0.111056107805,0.113736726275,0.0139021320579
252,0.0786160455626,0.0935995718044,0.0840777169408,0.0832280042909,0.00383785768979,0.0904992265216,0.0155142501959,0.00388111165653,0.147859929564,0.0743785431008,0.0165228591079,0.0380034693686,0.163950493623,0.0185867639236,0.0475040260377,0.0158594301704,0.024080700442
250,0.0839395032867,0.0514825709603,0.153321713628,0.0540120815289,0.0918189868435,0.0409819024731,0.0471161497856,0.0908975756045,0.00838635834743,0.0468144461949,0.0203129213855,0.258162986122,0.00109303162642,0.0112637448456,0.0092041160436,0.00538075750209,0.0258111538222
24,0.0583421485736,0.0281594709966,0.0386406928049,0.0672813233892,0.137393308743,0.0150423968445,0.0639238642852,0.0127126917511,0.0183081086156,0.110491088753,0.00867332553492,0.0610569867888,0.0331866168639,0.29202918279,0.0296216225211,0.00088073732114,0.0242564334234
23,0.0186656491826,0.0239886273903,0.0588173068443,0.108150490022,0.081775549964,0.168643579735,0.0513752619664,0.0239932800691,0.0255611792138,0.0927021595053,0.0127241243591,0.01952321766,0.0740536767011,0.153660200403,0.050089424382,0.00148753296859,0.0347887396338
609,0.0117806618698,0.0506498958544,0.00882047986686,0.0316397747571,0.00209825414315,0.155173313443,0.00911889638159,0.0361269674515,0.0375168869517,0.0414778182154,0.0585047502767,0.107974552456,0.0601364444903,0.188200745493,0.021685810433,0.143609272694,0.0354854752227
814,0.0385058389735,0.000795529225943,0.0162902987492,0.0386700181294,0.150435641902,0.0366875959482,0.0977013461279,0.0907517818779,0.113064043384,0.0476390064106,0.0361908133885,0.0215666997952,0.0450526559605,0.0816380430973,0.119985351889,0.00202948811814,0.0629958470227
821,0.0682377061993,0.0302255963463,0.0446458779155,0.185543691584,0.0333113025204,0.0227182277377,0.0547880547823,0.0757118093767,0.0727690869672,0.12348528407,0.0307228867913,0.0135456048682,0.0895045523367,0.00894754003592,0.057433580796,0.0444528516134,0.0439563460589
645,0.164029684476,0.0409910158172,0.0280961065842,0.00731646251953,0.0717807003708,0.213150280934,0.00460146881371,0.108345898205,0.0180169711409,0.0890671155025,0.0054827245964,0.0858896508686,0.00109525225878,0.00269215923875,0.0500698515903,0.101563793192,0.00781086389187
223,0.0425495088049,0.052534339135,0.1050650652,0.0767175304495,0.030000665804,0.0331585079605,0.0593708200319,0.255453140355,0.0087346678869,0.0431958701656,0.0732342923002,0.05559504839,0.0331534205269,0.0386373475533,0.0566896058311,0.0182616459873,0.0176485236185
221,0.197093719443,0.0540982747109,0.103617133993,0.0919131276298,0.0246902748231,0.0504122353882,0.0163576293281,0.0247118520096,0.0727102290138,0.0341022162071,0.0118187552737,0.00715313750139,0.168275352948,0.0207761792907,0.0906838634751,0.0159647290187,0.0156212899464
677,0.0324095372673,0.0407841289653,0.11858664376,0.0278510414263,0.0147736349003,0.000317250181067,0.0217037584042,0.0601732109904,0.0707966563898,0.0242989912659,0.0155989775876,0.0971778389757,0.0311550423607,0.0893211067885,0.0378934774983,0.0778553976614,0.239303305577
634,0.0453847141359,0.0178578917913,0.0332996029416,0.120592495677,0.0486738642429,0.00405556191588,0.00792981757062,0.0604285701295,0.117553513759,0.020276597042,0.137216099129,0.00635299163427,0.0493870341528,0.0556936969348,0.0486489211474,0.183495584502,0.043153043294
673,0.0545403176437,0.0234826055322,0.048672210079,0.00623130137689,0.0534117579961,0.186279726977,0.0367715454356,0.0848370396386,0.0268327597618,0.0225851112278,0.094484137269,0.086790571698,0.0437889312987,0.00225223399889,0.0048942972388,0.111553797741,0.112591655087
2232,0.152965953451,0.00382478620818,0.0553077292494,0.130701196694,0.0142183878727,0.010895997995,0.0828807059868,0.0130799385136,0.0569638513052,0.129753557094,0.0874142588761,0.0485865389183,0.0216361068552,0.0514942889668,0.0309379570467,0.105062588087,0.00427615688048
2205,0.0870379317263,0.0644172941982,0.0616752731355,0.0372179710447,0.0412766776809,0.12748111172,0.0477049489862,0.016946605491,0.071642931942,0.0121253816329,0.0754596925493,0.0330596861091,0.0609293001501,0.0485420072006,0.0743725916357,0.117197574529,0.0229130202685
2204,0.131470789697,0.0970135122568,0.00245291383809,0.023436799768,0.14533159748,0.0185190930031,0.0137563254769,0.108316996829,0.0186802811584,0.0481949217429,0.0364075970689,0.12318826564,0.0485365549641,0.0594466762823,0.0587784815386,0.0439472078443,0.0225219854106
2203,0.173234887403,0.0106480100599,0.00626298447432,0.0186731625809,0.00861893904848,0.00323065218107,0.0132817317995,0.107805767303,0.0589335626979,0.153101618735,0.000673899291862,0.0693431321583,0.0157926620456,0.198245383129,0.00406188645597,0.0524472185433,0.105644502093
2206,0.114953390705,0.00189050750514,0.0135645079403,0.017025631736,0.0197027047551,0.0518323959642,0.0527358713067,0.0943066262624,0.0404481170938,0.0067432914293,0.110668679405,0.109499254124,0.198439192508,0.00710256292524,0.0392102985044,0.0104834606875,0.111393507148
2207,0.0965490848648,0.00305411459743,0.0237256912261,0.00990084636838,0.0452288350142,0.0255241695249,0.161629720789,0.067370167082,0.0145388513105,0.109889893578,0.259874154099,0.00765053216692,0.0893292824469,0.0307239724016,0.0267013033218,0.0256856271172,0.00262375409128
2210,0.106471507245,0.0511334918451,0.0202850695931,0.0168308572773,0.0401635833267,0.135970619145,0.0385998296484,0.013987272336,0.0407538460478,0.00761252657851,0.0380646762125,0.116381289117,0.0163833135447,0.122123341144,0.117826793966,0.064848919239,0.0525630637355
2192,0.178282009675,0.0762749854791,0.0588893441455,0.0202785638098,0.025266021409,0.0123619880154,0.160481149825,0.107352786289,0.000947829799778,0.00427928068054,0.0730652649659,0.0383456543985,0.00563871215188,0.0168224681944,0.108234003341,0.0709410680138,0.0425388698064
2223,0.0513876504738,0.0141244599953,0.143356399678,0.032504810362,0.0742168404257,0.0209850539444,0.0851756558097,0.0186326389531,0.0272330029139,0.0255074163213,0.0221888344539,0.173572829444,0.0409946234459,0.0067125093988,0.160874486735,0.0230332731013,0.0794995145442
2229,0.0408105160848,0.00959431849314,0.0353712717939,0.0490187840388,0.0259636497315,0.0343703731135,0.00405710907725,0.10227861714,0.0618358598158,0.038983282653,0.149883914056,0.0455738264664,0.061645912142,0.206594959563,0.00746458019837,0.000819958731533,0.125733066901
2860,0.0230947866839,0.0459302451096,0.00121161848173,0.214491195487,0.0134773964793,0.0230466923373,0.112964402264,0.023528496781,0.0686942027252,0.0841085234551,0.0213557803923,0.127251844634,0.00639190672428,0.141224876516,0.0383484649833,0.0155110010626,0.0393685658831
2859,0.164223411127,0.139249386737,0.0188105651292,0.141790327785,0.097653072225,0.00861938646108,0.0194117110071,0.0168063340658,0.0456325711322,0.118888096526,0.0374833745596,0.061780925791,0.0499272141331,0.0456524936851,0.00301556211192,0.0105608647573,0.0204947027672
2858,0.030186301595,0.140814225048,0.0879478504994,0.0172770408169,0.0885266895631,0.0237992656012,0.0790902088084,0.0347800660287,0.0191780690253,0.00180577446776,0.157066514482,0.149039991,0.0137658213487,0.0199936812715,0.0134047738229,0.0949182999166,0.0284054267045
2861,0.098215666471,0.0409722218581,0.00383649764082,0.0402721865007,0.037416450826,0.0231282859485,0.048467556952,0.0262813112183,0.0872773269808,0.374396342951,0.0949636933558,0.0562028295303,0.00256192396534,0.0154998870963,0.00158262148344,0.00790437816933,0.0410208190525
2857,0.00540540026438,0.0199418185281,0.0117702587398,0.141291518087,0.0174221607522,0.214336638513,0.0791237728418,0.018348794664,0.021504866705,0.0104413187159,0.0730915879143,0.0278950209456,0.0515287946156,0.0509771978843,0.171036872,0.0654419800024,0.0204419988271
2856,0.021883795188,0.00412396949078,0.237992010308,0.0107704709297,0.0973821690798,0.0937139768043,0.0234668368085,0.0556657842119,0.0648615721773,0.0863692802736,0.0197839167507,0.0874029617961,0.0388286617348,0.0201841386072,0.0288209011351,0.0368849221532,0.0718646325504
2873,0.14153082513,0.114355311533,0.0236201960124,0.0124451732556,0.0814449331543,0.0271539904062,0.0271288386753,0.159698845336,0.0233116096253,0.0666508942053,0.0727239761548,0.00323781394202,0.0157027532386,0.0374029090159,0.10745247179,0.0054654425723,0.080674015953
2874,0.00846781287626,0.0694651291388,0.0481760566549,0.0278412644683,0.0191499792555,0.0150023965825,0.016810097391,0.072938753563,0.0719395603045,0.0144132263421,0.00886117466125,0.0426342812457,0.103918067341,0.118034534971,0.251413049426,0.0173473359265,0.093587279851
